0.0 448
1.0 62
2.0 66
3.0 81
4.0 61
5.0 54
6.0 52
7.0 51
8.0 40
9.0 42
10.0 41
11.0 43
12.0 34
13.0 27
14.0 35
15.0 35
16.0 31
17.0 28
18.0 23
19.0 27
20.0 34
21.0 28
22.0 22
23.0 28
24.0 22
25.0 26
26.0 22
27.0 16
28.0 18
29.0 18
30.0 26
31.0 16
32.0 20
33.0 17
34.0 13
35.0 16
36.0 22
37.0 21
38.0 15
39.0 20
40.0 26
41.0 16
42.0 12
43.0 22
44.0 20
45.0 16
46.0 21
47.0 13
48.0 18
49.0 10
50.0 29
51.0 10
52.0 15
53.0 13
54.0 25
55.0 15
56.0 14
57.0 15
58.0 16
59.0 10
60.0 17
61.0 9
62.0 22
63.0 17
64.0 11
65.0 19
66.0 14
67.0 15
68.0 19
69.0 15
70.0 16
71.0 8
72.0 14
73.0 12
74.0 16
75.0 7
76.0 18
77.0 5
78.0 19
79.0 10
80.0 13
81.0 10
82.0 10
83.0 10
84.0 8
85.0 14
86.0 13
87.0 13
88.0 10
89.0 9
90.0 25
91.0 6
92.0 8
93.0 15
94.0 14
95.0 12
96.0 15
97.0 9
98.0 17
99.0 12
100.0 25
101.0 9
102.0 12
103.0 10
104.0 14
105.0 17
106.0 9
107.0 13
108.0 13
109.0 6
110.0 20
111.0 11
112.0 15
113.0 11
114.0 18
115.0 14
116.0 10
117.0 9
118.0 8
119.0 7
120.0 23
121.0 12
122.0 5
123.0 10
124.0 15
125.0 8
126.0 12
127.0 6
128.0 8
129.0 11
130.0 23
131.0 8
132.0 18
133.0 7
134.0 9
135.0 10
136.0 10
137.0 7
138.0 8
139.0 6
140.0 13
141.0 4
142.0 9
143.0 8
144.0 8
145.0 14
146.0 9
147.0 11
148.0 12
149.0 7
150.0 20
151.0 7
152.0 9
153.0 5
154.0 9
155.0 3
156.0 11
157.0 10
158.0 7
159.0 4
160.0 12
161.0 9
162.0 11
163.0 10
164.0 9
165.0 5
166.0 11
167.0 10
168.0 9
169.0 6
170.0 12
171.0 9
172.0 9
173.0 10
174.0 13
175.0 5
176.0 9
177.0 12
178.0 4
179.0 8
180.0 11
181.0 4
182.0 13
183.0 6
184.0 14
185.0 11
186.0 8
187.0 4
188.0 8
189.0 7
190.0 9
191.0 4
192.0 9
193.0 7
194.0 7
195.0 7
196.0 7
197.0 4
198.0 5
199.0 5
200.0 16
201.0 4
202.0 6
203.0 4
204.0 6
205.0 11
206.0 11
207.0 9
208.0 6
209.0 6
210.0 7
211.0 5
212.0 9
213.0 9
214.0 3
215.0 12
216.0 8
217.0 5
218.0 10
219.0 5
220.0 10
221.0 7
222.0 6
223.0 7
224.0 6
225.0 5
226.0 10
227.0 3
228.0 3
229.0 7
230.0 12
231.0 4
232.0 4
233.0 12
234.0 8
235.0 11
236.0 11
237.0 8
238.0 8
239.0 4
240.0 18
241.0 4
242.0 7
243.0 8
244.0 5
245.0 3
246.0 6
247.0 9
248.0 3
249.0 2
250.0 11
251.0 5
252.0 9
253.0 3
254.0 4
255.0 8
256.0 5
257.0 1
258.0 6
259.0 4
260.0 3
261.0 4
262.0 8
263.0 9
264.0 1
265.0 9
266.0 3
267.0 2
268.0 6
269.0 5
270.0 8
271.0 6
272.0 3
273.0 2
274.0 7
275.0 4
276.0 8
277.0 6
278.0 4
280.0 12
281.0 6
282.0 3
283.0 4
284.0 5
285.0 3
286.0 3
287.0 6
288.0 7
289.0 3
290.0 2
291.0 3
292.0 7
293.0 4
294.0 6
295.0 7
296.0 7
297.0 1
298.0 7
299.0 7
300.0 13
301.0 2
302.0 2
303.0 5
304.0 4
305.0 5
306.0 1
307.0 8
308.0 4
309.0 4
310.0 6
311.0 3
312.0 4
313.0 5
314.0 4
315.0 5
316.0 6
317.0 4
318.0 1
319.0 6
320.0 8
321.0 3
322.0 2
323.0 1
324.0 6
325.0 4
326.0 5
327.0 2
328.0 2
329.0 1
330.0 4
331.0 7
332.0 3
333.0 7
334.0 4
335.0 4
336.0 4
337.0 3
338.0 3
339.0 3
340.0 8
341.0 7
342.0 6
343.0 4
344.0 7
345.0 6
346.0 3
347.0 7
349.0 3
350.0 11
351.0 1
352.0 2
353.0 6
354.0 5
355.0 4
356.0 3
357.0 4
358.0 5
359.0 3
360.0 12
361.0 6
362.0 7
363.0 4
364.0 5
365.0 3
367.0 9
368.0 3
369.0 4
370.0 8
371.0 2
372.0 2
373.0 2
374.0 5
375.0 9
376.0 4
377.0 2
378.0 5
379.0 6
380.0 8
381.0 2
382.0 4
383.0 5
384.0 2
385.0 5
386.0 5
387.0 8
388.0 5
389.0 3
390.0 5
391.0 1
392.0 8
393.0 4
394.0 6
395.0 7
396.0 4
397.0 3
398.0 2
399.0 4
400.0 15
402.0 2
403.0 4
404.0 4
405.0 6
406.0 4
407.0 2
408.0 1
409.0 2
410.0 7
411.0 3
412.0 3
413.0 3
414.0 7
415.0 4
416.0 2
417.0 3
418.0 3
419.0 2
420.0 6
421.0 5
422.0 6
423.0 1
424.0 5
425.0 4
426.0 2
427.0 1
428.0 3
429.0 4
430.0 5
432.0 6
433.0 2
434.0 3
435.0 2
436.0 6
437.0 1
438.0 6
440.0 5
441.0 3
442.0 3
443.0 2
444.0 6
445.0 4
446.0 3
447.0 2
448.0 2
450.0 12
451.0 2
452.0 6
453.0 4
454.0 6
455.0 1
456.0 1
457.0 1
458.0 3
459.0 1
460.0 4
461.0 2
462.0 4
463.0 2
465.0 2
466.0 4
467.0 2
468.0 3
469.0 3
470.0 5
471.0 3
472.0 4
473.0 3
474.0 3
475.0 3
476.0 5
477.0 1
478.0 7
479.0 1
480.0 3
481.0 3
482.0 7
483.0 6
484.0 2
485.0 3
487.0 4
488.0 2
489.0 2
490.0 8
491.0 2
492.0 7
493.0 2
494.0 1
495.0 4
496.0 1
498.0 2
500.0 16
501.0 4
502.0 7
503.0 1
504.0 1
505.0 3
506.0 2
507.0 1
508.0 2
510.0 4
511.0 3
512.0 1
513.0 5
514.0 1
515.0 3
516.0 2
517.0 1
518.0 4
520.0 2
522.0 4
523.0 1
524.0 1
525.0 2
526.0 3
527.0 2
528.0 2
529.0 1
530.0 5
531.0 1
532.0 3
533.0 3
534.0 1
536.0 3
537.0 4
538.0 5
539.0 2
540.0 4
541.0 3
542.0 4
544.0 1
545.0 1
546.0 1
547.0 1
548.0 2
550.0 7
552.0 3
553.0 1
554.0 2
555.0 1
556.0 3
557.0 2
558.0 1
559.0 2
560.0 5
561.0 1
562.0 1
564.0 1
565.0 3
566.0 5
567.0 1
569.0 3
570.0 5
572.0 5
573.0 1
574.0 3
575.0 2
576.0 1
577.0 3
578.0 4
579.0 3
580.0 4
581.0 4
582.0 4
584.0 5
585.0 4
586.0 5
587.0 1
588.0 1
589.0 1
590.0 3
591.0 2
593.0 2
594.0 6
596.0 3
598.0 3
599.0 1
600.0 5
602.0 3
603.0 1
604.0 3
605.0 4
606.0 2
607.0 2
609.0 2
610.0 2
611.0 1
612.0 5
613.0 1
614.0 1
615.0 5
616.0 3
617.0 1
618.0 2
619.0 2
620.0 3
621.0 4
622.0 2
623.0 2
624.0 2
625.0 2
626.0 2
627.0 1
628.0 3
629.0 3
630.0 3
631.0 2
633.0 5
635.0 1
637.0 1
639.0 1
640.0 4
641.0 3
642.0 2
643.0 1
646.0 1
648.0 3
650.0 5
652.0 4
653.0 1
654.0 2
655.0 1
656.0 3
657.0 2
658.0 3
660.0 3
661.0 2
662.0 3
664.0 2
665.0 4
666.0 3
667.0 1
668.0 1
670.0 3
672.0 2
673.0 1
674.0 1
676.0 3
677.0 1
678.0 1
680.0 8
682.0 3
686.0 1
687.0 3
688.0 4
690.0 5
691.0 3
692.0 1
695.0 2
696.0 2
698.0 2
699.0 3
700.0 7
702.0 5
703.0 1
704.0 1
705.0 3
706.0 4
707.0 1
708.0 2
709.0 1
710.0 5
711.0 1
712.0 1
713.0 4
714.0 2
715.0 1
716.0 3
717.0 1
718.0 2
719.0 2
720.0 7
721.0 2
723.0 2
724.0 3
725.0 5
726.0 1
729.0 1
730.0 2
731.0 1
732.0 4
734.0 1
736.0 1
737.0 1
738.0 2
740.0 5
742.0 1
744.0 1
745.0 3
746.0 1
747.0 3
748.0 1
750.0 9
751.0 2
752.0 3
753.0 1
754.0 1
755.0 1
756.0 1
759.0 2
760.0 3
762.0 1
763.0 2
764.0 3
766.0 3
767.0 2
769.0 1
770.0 2
771.0 1
772.0 2
775.0 1
777.0 3
779.0 2
780.0 3
781.0 2
782.0 1
783.0 1
784.0 2
785.0 1
786.0 3
791.0 2
794.0 2
795.0 1
796.0 1
798.0 1
800.0 18
801.0 1
802.0 2
803.0 1
804.0 1
805.0 1
806.0 1
807.0 1
808.0 2
809.0 3
810.0 5
811.0 1
812.0 2
813.0 1
814.0 2
815.0 3
817.0 3
818.0 3
820.0 2
823.0 2
824.0 2
826.0 1
828.0 4
830.0 1
832.0 2
833.0 2
836.0 1
837.0 2
838.0 2
839.0 1
840.0 4
841.0 2
842.0 2
843.0 1
844.0 1
846.0 1
849.0 2
850.0 5
851.0 1
852.0 3
853.0 3
854.0 1
855.0 3
858.0 1
859.0 3
860.0 6
861.0 3
866.0 2
867.0 1
868.0 5
869.0 2
870.0 2
872.0 1
873.0 2
875.0 3
877.0 1
878.0 2
879.0 1
880.0 2
882.0 5
883.0 1
884.0 1
885.0 3
888.0 1
889.0 1
890.0 2
891.0 1
892.0 1
893.0 2
894.0 2
895.0 2
896.0 2
897.0 1
898.0 2
900.0 7
902.0 1
903.0 2
905.0 2
906.0 1
908.0 2
909.0 2
910.0 4
911.0 1
913.0 2
914.0 1
920.0 3
923.0 2
925.0 1
926.0 2
927.0 2
928.0 1
930.0 2
931.0 1
932.0 2
933.0 2
935.0 1
936.0 2
938.0 1
939.0 1
940.0 1
941.0 2
942.0 3
944.0 1
945.0 2
946.0 3
948.0 1
950.0 6
951.0 1
952.0 2
953.0 1
954.0 1
955.0 1
956.0 2
957.0 1
958.0 2
959.0 1
960.0 1
962.0 1
963.0 2
964.0 1
966.0 3
968.0 2
969.0 1
970.0 1
971.0 2
972.0 2
973.0 2
974.0 1
977.0 1
980.0 3
982.0 2
983.0 2
984.0 1
985.0 1
986.0 2
987.0 1
988.0 1
989.0 2
990.0 1
991.0 1
992.0 4
995.0 1
996.0 2
998.0 1
1000.0 36
1001.0 5
1002.0 1
1004.0 1
1005.0 2
1006.0 2
1008.0 1
1009.0 1
1010.0 2
1012.0 3
1013.0 2
1014.0 1
1015.0 2
1016.0 1
1020.0 2
1024.0 1
1025.0 3
1030.0 4
1031.0 1
1032.0 1
1033.0 2
1035.0 1
1039.0 2
1040.0 6
1041.0 1
1044.0 2
1045.0 3
1046.0 1
1047.0 1
1048.0 1
1049.0 1
1050.0 8
1053.0 2
1055.0 2
1056.0 2
1057.0 1
1060.0 3
1062.0 1
1063.0 2
1064.0 2
1066.0 2
1070.0 3
1072.0 3
1074.0 3
1075.0 1
1078.0 2
1079.0 1
1080.0 2
1082.0 1
1086.0 1
1087.0 1
1088.0 2
1091.0 1
1095.0 1
1099.0 1
1100.0 14
1103.0 1
1104.0 2
1105.0 1
1106.0 1
1108.0 1
1113.0 2
1120.0 2
1124.0 1
1125.0 3
1126.0 1
1130.0 1
1132.0 1
1133.0 1
1134.0 1
1135.0 1
1137.0 3
1140.0 5
1144.0 1
1145.0 1
1146.0 1
1147.0 1
1149.0 2
1150.0 3
1155.0 2
1159.0 1
1160.0 2
1161.0 3
1164.0 1
1165.0 2
1166.0 1
1167.0 1
1168.0 1
1170.0 1
1173.0 2
1175.0 1
1176.0 1
1177.0 1
1180.0 1
1183.0 1
1184.0 1
1185.0 1
1190.0 2
1192.0 1
1194.0 2
1195.0 1
1200.0 12
1201.0 1
1206.0 1
1207.0 1
1208.0 1
1209.0 1
1210.0 1
1213.0 1
1214.0 1
1218.0 1
1222.0 1
1224.0 3
1225.0 2
1227.0 2
1228.0 3
1229.0 2
1230.0 1
1231.0 1
1233.0 1
1234.0 1
1236.0 2
1238.0 1
1240.0 3
1242.0 1
1245.0 1
1248.0 3
1250.0 10
1251.0 1
1252.0 1
1253.0 1
1254.0 1
1255.0 1
1258.0 1
1260.0 3
1265.0 3
1267.0 1
1269.0 2
1270.0 1
1272.0 1
1275.0 1
1276.0 2
1280.0 5
1281.0 1
1282.0 1
1287.0 1
1288.0 1
1293.0 1
1296.0 3
1300.0 12
1301.0 1
1303.0 1
1304.0 4
1306.0 1
1308.0 1
1310.0 1
1311.0 1
1312.0 1
1315.0 1
1318.0 1
1320.0 3
1324.0 1
1328.0 1
1330.0 1
1332.0 2
1335.0 1
1337.0 1
1338.0 2
1340.0 1
1342.0 2
1344.0 1
1345.0 1
1349.0 1
1350.0 2
1351.0 1
1352.0 2
1357.0 1
1360.0 4
1362.0 2
1367.0 1
1368.0 1
1369.0 1
1371.0 1
1372.0 1
1373.0 1
1374.0 1
1378.0 2
1379.0 3
1380.0 1
1387.0 2
1388.0 1
1389.0 1
1390.0 3
1393.0 1
1394.0 1
1395.0 3
1397.0 1
1398.0 1
1400.0 9
1403.0 1
1407.0 1
1412.0 2
1414.0 2
1415.0 1
1416.0 1
1420.0 1
1425.0 3
1430.0 2
1433.0 1
1438.0 1
1440.0 4
1443.0 2
1446.0 1
1450.0 2
1452.0 1
1453.0 3
1455.0 4
1456.0 5
1460.0 3
1464.0 1
1469.0 1
1470.0 7
1480.0 1
1482.0 1
1484.0 1
1489.0 1
1490.0 2
1491.0 1
1492.0 3
1493.0 1
1495.0 2
1499.0 1
1500.0 26
1503.0 1
1504.0 1
1510.0 2
1511.0 1
1513.0 1
1514.0 1
1516.0 1
1520.0 2
1521.0 1
1527.0 1
1530.0 3
1533.0 1
1539.0 2
1540.0 3
1543.0 1
1544.0 1
1549.0 1
1550.0 3
1551.0 1
1553.0 1
1554.0 1
1555.0 2
1556.0 1
1557.0 1
1558.0 1
1559.0 1
1560.0 2
1561.0 1
1567.0 1
1568.0 1
1570.0 1
1574.0 1
1579.0 1
1582.0 1
1585.0 2
1587.0 1
1588.0 1
1589.0 1
1590.0 1
1591.0 1
1592.0 1
1593.0 1
1595.0 1
1599.0 1
1600.0 17
1604.0 1
1605.0 1
1607.0 1
1614.0 1
1615.0 2
1616.0 3
1620.0 2
1621.0 1
1624.0 1
1625.0 1
1626.0 1
1630.0 1
1631.0 1
1632.0 1
1637.0 1
1638.0 1
1641.0 3
1645.0 2
1653.0 1
1666.0 1
1667.0 1
1669.0 1
1676.0 1
1684.0 1
1694.0 1
1699.0 1
1700.0 10
1704.0 1
1708.0 3
1710.0 2
1711.0 1
1715.0 1
1719.0 1
1720.0 1
1722.0 1
1724.0 1
1726.0 1
1728.0 2
1730.0 2
1731.0 1
1732.0 1
1733.0 1
1734.0 1
1736.0 2
1741.0 1
1749.0 1
1750.0 5
1760.0 2
1763.0 1
1768.0 1
1769.0 1
1770.0 1
1773.0 2
1780.0 3
1785.0 1
1787.0 1
1788.0 1
1793.0 1
1796.0 1
1797.0 2
1800.0 14
1802.0 2
1805.0 1
1806.0 2
1808.0 1
1810.0 2
1812.0 1
1815.0 2
1816.0 1
1823.0 1
1825.0 1
1828.0 1
1830.0 2
1835.0 1
1841.0 1
1847.0 2
1848.0 1
1850.0 1
1856.0 2
1861.0 2
1862.0 1
1865.0 1
1868.0 1
1870.0 1
1872.0 1
1876.0 1
1880.0 3
1883.0 1
1890.0 1
1892.0 1
1896.0 1
1900.0 10
1905.0 1
1907.0 1
1908.0 1
1910.0 1
1913.0 1
1914.0 2
1915.0 1
1916.0 1
1917.0 1
1918.0 1
1920.0 1
1925.0 1
1926.0 1
1928.0 1
1929.0 1
1930.0 1
1932.0 3
1933.0 1
1937.0 1
1940.0 2
1959.0 2
1961.0 1
1962.0 1
1964.0 1
1967.0 2
1973.0 1
1979.0 1
1980.0 1
1987.0 1
1989.0 1
1990.0 2
1992.0 2
1995.0 1
1998.0 2
2000.0 31
2003.0 1
2005.0 1
2006.0 3
2008.0 1
2010.0 2
2015.0 1
2016.0 1
2017.0 1
2018.0 1
2020.0 2
2022.0 2
2024.0 1
2027.0 2
2031.0 2
2032.0 1
2038.0 1
2040.0 2
2045.0 1
2047.0 1
2048.0 1
2050.0 2
2051.0 1
2059.0 1
2060.0 1
2064.0 1
2066.0 1
2067.0 1
2070.0 1
2073.0 1
2074.0 1
2075.0 1
2079.0 1
2082.0 1
2084.0 1
2085.0 2
2092.0 1
2095.0 2
2100.0 8
2102.0 1
2104.0 1
2106.0 1
2110.0 1
2111.0 1
2114.0 1
2117.0 1
2118.0 1
2121.0 1
2123.0 1
2125.0 3
2126.0 1
2129.0 1
2130.0 1
2132.0 2
2134.0 2
2135.0 1
2138.0 1
2139.0 1
2140.0 2
2141.0 2
2144.0 1
2146.0 1
2150.0 2
2156.0 1
2157.0 1
2158.0 1
2160.0 1
2164.0 1
2166.0 2
2170.0 1
2178.0 1
2180.0 2
2186.0 1
2191.0 1
2194.0 1
2195.0 1
2197.0 1
2198.0 1
2200.0 7
2201.0 2
2202.0 1
2209.0 2
2210.0 1
2220.0 2
2221.0 1
2222.0 3
2223.0 1
2229.0 1
2230.0 2
2232.0 1
2235.0 1
2237.0 1
2238.0 1
2243.0 1
2247.0 1
2249.0 1
2250.0 5
2266.0 1
2268.0 1
2270.0 3
2273.0 1
2275.0 1
2276.0 1
2284.0 1
2285.0 1
2290.0 1
2293.0 1
2298.0 2
2300.0 16
2305.0 1
2309.0 1
2310.0 2
2318.0 1
2324.0 1
2330.0 1
2336.0 1
2339.0 1
2342.0 2
2345.0 1
2347.0 1
2350.0 2
2353.0 1
2355.0 1
2356.0 1
2358.0 1
2360.0 1
2361.0 1
2366.0 1
2367.0 1
2368.0 1
2369.0 1
2370.0 1
2372.0 1
2376.0 1
2381.0 1
2384.0 1
2386.0 1
2392.0 1
2393.0 1
2394.0 1
2399.0 1
2400.0 7
2405.0 2
2407.0 1
2409.0 1
2412.0 2
2420.0 4
2422.0 1
2426.0 1
2428.0 1
2430.0 2
2432.0 1
2434.0 1
2437.0 1
2440.0 1
2443.0 1
2448.0 1
2449.0 1
2450.0 1
2459.0 1
2460.0 1
2462.0 1
2467.0 1
2469.0 1
2472.0 1
2473.0 1
2475.0 1
2476.0 1
2478.0 1
2480.0 1
2481.0 3
2483.0 1
2484.0 1
2485.0 1
2493.0 1
2494.0 1
2500.0 18
2502.0 1
2504.0 1
2505.0 1
2506.0 1
2507.0 1
2510.0 3
2512.0 1
2515.0 1
2516.0 1
2517.0 2
2518.0 1
2519.0 1
2520.0 2
2523.0 1
2529.0 1
2534.0 1
2538.0 1
2540.0 1
2543.0 1
2550.0 1
2551.0 1
2552.0 1
2554.0 1
2569.0 2
2570.0 2
2572.0 1
2575.0 1
2576.0 1
2579.0 1
2581.0 1
2587.0 1
2600.0 6
2602.0 2
2608.0 1
2611.0 1
2618.0 1
2623.0 1
2625.0 2
2626.0 1
2630.0 1
2633.0 1
2637.0 1
2642.0 1
2646.0 1
2649.0 1
2650.0 3
2655.0 1
2670.0 1
2683.0 1
2685.0 1
2689.0 1
2697.0 2
2700.0 13
2706.0 1
2711.0 3
2717.0 1
2721.0 1
2724.0 1
2726.0 1
2727.0 1
2730.0 1
2733.0 2
2737.0 1
2739.0 1
2748.0 1
2750.0 6
2756.0 1
2765.0 1
2768.0 1
2770.0 2
2781.0 1
2789.0 1
2792.0 1
2799.0 1
2800.0 5
2801.0 1
2805.0 1
2808.0 1
2812.0 1
2830.0 1
2833.0 1
2835.0 1
2836.0 1
2840.0 1
2841.0 2
2843.0 1
2850.0 2
2860.0 2
2866.0 1
2875.0 1
2876.0 1
2878.0 1
2884.0 1
2886.0 1
2890.0 1
2897.0 1
2900.0 6
2902.0 1
2906.0 1
2907.0 1
2910.0 1
2914.0 1
2920.0 1
2927.0 1
2929.0 1
2931.0 1
2934.0 1
2936.0 1
2937.0 1
2945.0 1
2950.0 3
2953.0 1
2967.0 1
2968.0 1
2975.0 1
2984.0 1
2990.0 2
2991.0 1
2995.0 1
3000.0 18
3004.0 1
3006.0 1
3016.0 1
3017.0 1
3019.0 1
3020.0 2
3027.0 1
3030.0 2
3035.0 1
3036.0 1
3041.0 1
3045.0 1
3046.0 1
3049.0 1
3050.0 1
3055.0 1
3060.0 1
3072.0 1
3073.0 1
3075.0 1
3078.0 1
3086.0 1
3089.0 2
3092.0 1
3094.0 1
3096.0 1
3100.0 3
3110.0 1
3111.0 1
3128.0 1
3130.0 4
3145.0 2
3150.0 3
3151.0 1
3155.0 1
3167.0 1
3170.0 1
3173.0 1
3180.0 3
3184.0 1
3200.0 14
3209.0 1
3215.0 1
3225.0 1
3226.0 1
3230.0 1
3236.0 1
3240.0 1
3249.0 1
3250.0 1
3259.0 1
3263.0 2
3273.0 2
3287.0 1
3288.0 1
3290.0 1
3294.0 1
3295.0 1
3298.0 1
3300.0 4
3301.0 1
3309.0 1
3325.0 1
3327.0 1
3332.0 1
3335.0 1
3336.0 1
3354.0 2
3367.0 1
3370.0 1
3380.0 1
3383.0 1
3388.0 1
3393.0 2
3396.0 1
3398.0 1
3400.0 4
3404.0 1
3408.0 1
3409.0 1
3413.0 1
3416.0 1
3420.0 1
3422.0 1
3436.0 1
3437.0 1
3452.0 1
3457.0 1
3479.0 1
3480.0 2
3487.0 1
3489.0 1
3492.0 1
3500.0 14
3515.0 1
3518.0 1
3520.0 1
3522.0 1
3528.0 1
3533.0 1
3536.0 1
3540.0 2
3547.0 1
3548.0 2
3549.0 1
3550.0 2
3555.0 1
3563.0 2
3569.0 2
3570.0 1
3580.0 2
3584.0 1
3596.0 1
3598.0 1
3600.0 17
3602.0 1
3618.0 1
3622.0 1
3628.0 1
3630.0 1
3636.0 1
3637.0 1
3640.0 1
3645.0 1
3650.0 4
3660.0 1
3665.0 1
3667.0 2
3677.0 1
3680.0 1
3686.0 1
3687.0 1
3695.0 2
3698.0 1
3700.0 8
3702.0 1
3710.0 2
3714.0 1
3719.0 1
3720.0 2
3740.0 1
3747.0 1
3750.0 2
3755.0 1
3760.0 1
3763.0 1
3766.0 1
3770.0 2
3782.0 1
3784.0 1
3796.0 1
3800.0 3
3810.0 1
3822.0 1
3824.0 1
3833.0 1
3835.0 1
3840.0 1
3850.0 2
3858.0 1
3859.0 1
3864.0 1
3865.0 1
3867.0 1
3874.0 1
3879.0 1
3880.0 1
3884.0 1
3891.0 1
3900.0 4
3901.0 1
3904.0 1
3906.0 1
3912.0 1
3920.0 2
3923.0 1
3950.0 2
3952.0 1
3954.0 1
3956.0 1
3960.0 1
3966.0 1
3973.0 1
3989.0 1
3996.0 1
4000.0 28
4002.0 2
4012.0 2
4016.0 1
4018.0 2
4027.0 1
4030.0 1
4037.0 1
4047.0 1
4050.0 1
4053.0 1
4055.0 1
4058.0 1
4064.0 1
4070.0 1
4087.0 1
4093.0 1
4100.0 5
4108.0 1
4110.0 1
4112.0 1
4120.0 1
4121.0 1
4127.0 1
4135.0 1
4150.0 1
4152.0 1
4153.0 1
4162.0 1
4175.0 2
4179.0 1
4180.0 4
4188.0 1
4194.0 1
4200.0 2
4208.0 1
4211.0 1
4230.0 2
4232.0 1
4235.0 1
4236.0 1
4239.0 2
4242.0 1
4255.0 1
4261.0 1
4275.0 1
4300.0 9
4301.0 1
4310.0 1
4318.0 1
4333.0 1
4334.0 1
4335.0 1
4343.0 1
4360.0 1
4364.0 1
4370.0 1
4375.0 1
4382.0 1
4386.0 1
4388.0 1
4395.0 1
4400.0 7
4403.0 1
4411.0 1
4416.0 1
4439.0 1
4440.0 1
4445.0 1
4460.0 2
4472.0 1
4473.0 1
4480.0 1
4500.0 18
4508.0 1
4514.0 1
4532.0 1
4553.0 1
4558.0 1
4570.0 1
4576.0 1
4583.0 1
4584.0 1
4588.0 1
4590.0 1
4600.0 1
4610.0 2
4620.0 1
4623.0 1
4629.0 1
4642.0 1
4650.0 2
4652.0 1
4670.0 1
4680.0 2
4682.0 2
4692.0 1
4695.0 1
4700.0 2
4703.0 1
4705.0 1
4720.0 2
4742.0 1
4748.0 1
4751.0 1
4760.0 3
4763.0 2
4771.0 1
4777.0 1
4779.0 1
4780.0 1
4788.0 1
4798.0 1
4800.0 3
4802.0 1
4820.0 1
4832.0 1
4840.0 1
4850.0 1
4860.0 1
4864.0 1
4866.0 1
4885.0 1
4900.0 1
4910.0 1
4920.0 1
4936.0 1
4939.0 1
4950.0 1
4960.0 1
4975.0 1
4999.0 2
5000.0 25
5010.0 1
5025.0 1
5026.0 1
5030.0 1
5055.0 1
5061.0 1
5068.0 1
5070.0 1
5079.0 1
5086.0 1
5100.0 4
5105.0 1
5116.0 1
5130.0 3
5132.0 1
5135.0 1
5136.0 1
5146.0 1
5150.0 2
5156.0 1
5174.0 1
5176.0 1
5200.0 3
5205.0 1
5213.0 1
5220.0 1
5230.0 1
5250.0 1
5265.0 1
5288.0 1
5300.0 4
5316.0 1
5363.0 1
5370.0 1
5372.0 1
5381.0 1
5386.0 1
5390.0 1
5395.0 1
5397.0 1
5400.0 5
5420.0 1
5421.0 1
5432.0 1
5444.0 1
5448.0 1
5460.0 1
5465.0 1
5483.0 1
5489.0 1
5496.0 1
5500.0 9
5511.0 1
5525.0 1
5555.0 1
5560.0 2
5575.0 1
5580.0 1
5585.0 1
5590.0 1
5591.0 1
5600.0 4
5619.0 1
5621.0 1
5622.0 1
5640.0 1
5650.0 1
5676.0 1
5680.0 1
5700.0 5
5706.0 1
5717.0 1
5720.0 1
5750.0 1
5751.0 1
5760.0 1
5768.0 1
5800.0 1
5837.0 1
5850.0 1
5855.0 1
5878.0 1
5897.0 1
5900.0 6
5950.0 1
5988.0 1
6000.0 25
6032.0 1
6045.0 1
6060.0 1
6067.0 1
6092.0 1
6100.0 5
6109.0 1
6140.0 1
6169.0 1
6175.0 2
6189.0 1
6200.0 2
6215.0 1
6220.0 1
6240.0 1
6250.0 1
6260.0 1
6266.0 1
6278.0 1
6290.0 1
6300.0 1
6310.0 1
6319.0 1
6320.0 1
6330.0 1
6380.0 1
6400.0 9
6442.0 2
6444.0 1
6452.0 1
6460.0 1
6476.0 1
6494.0 1
6500.0 1
6501.0 1
6510.0 1
6530.0 1
6567.0 1
6570.0 1
6574.0 1
6580.0 3
6600.0 3
6607.0 1
6647.0 1
6669.0 1
6680.0 1
6687.0 1
6690.0 2
6697.0 1
6700.0 3
6748.0 1
6750.0 1
6751.0 1
6760.0 2
6784.0 1
6800.0 13
6804.0 1
6850.0 1
6862.0 1
6900.0 2
6901.0 1
6913.0 1
6920.0 1
6930.0 1
6933.0 1
6937.0 1
6970.0 1
6988.0 1
7000.0 20
7030.0 1
7100.0 3
7140.0 1
7141.0 1
7166.0 1
7171.0 1
7188.0 1
7200.0 2
7235.0 1
7250.0 2
7269.0 1
7273.0 1
7275.0 1
7285.0 1
7293.0 1
7297.0 1
7300.0 1
7330.0 1
7340.0 1
7360.0 1
7365.0 1
7367.0 1
7395.0 1
7400.0 1
7450.0 1
7460.0 1
7464.0 1
7494.0 1
7500.0 6
7521.0 1
7526.0 1
7540.0 1
7550.0 1
7554.0 1
7563.0 1
7580.0 1
7600.0 2
7632.0 1
7645.0 1
7682.0 1
7700.0 7
7745.0 1
7746.0 1
7769.0 1
7780.0 1
7800.0 3
7823.0 1
7868.0 1
7900.0 2
7942.0 1
7947.0 1
7987.0 1
8000.0 17
8012.0 1
8030.0 1
8056.0 1
8100.0 2
8121.0 1
8132.0 1
8143.0 1
8165.0 1
8170.0 1
8180.0 1
8189.0 1
8200.0 6
8210.0 1
8220.0 2
8261.0 1
8267.0 1
8271.0 1
8300.0 2
8308.0 1
8345.0 1
8346.0 1
8350.0 1
8360.0 1
8400.0 4
8419.0 1
8420.0 1
8480.0 1
8483.0 1
8500.0 3
8508.0 1
8510.0 1
8551.0 1
8579.0 1
8580.0 1
8590.0 1
8600.0 9
8630.0 1
8725.0 1
8732.0 1
8740.0 1
8750.0 1
8795.0 1
8800.0 4
8810.0 1
8826.0 1
8852.0 1
8860.0 1
8870.0 1
8888.0 1
8900.0 1
8904.0 1
8911.0 1
8940.0 1
8991.0 1
9000.0 11
9011.0 1
9024.0 1
9026.0 1
9056.0 1
9062.0 1
9100.0 1
9150.0 1
9158.0 1
9162.0 1
9187.0 1
9200.0 3
9217.0 1
9241.0 1
9250.0 1
9251.0 1
9260.0 1
9270.0 1
9300.0 4
9330.0 1
9350.0 1
9368.0 1
9399.0 1
9400.0 1
9472.0 1
9500.0 3
9530.0 1
9540.0 1
9608.0 1
9680.0 1
9700.0 2
9716.0 1
9747.0 1
9780.0 1
9830.0 1
9935.0 1
9979.0 1
10000.0 25
10007.0 1
10022.0 1
10083.0 1
10100.0 1
10147.0 1
10172.0 1
10175.0 1
10200.0 4
10249.0 1
10250.0 1
10300.0 1
10322.0 1
10350.0 2
10400.0 4
10495.0 1
10500.0 7
10510.0 1
10540.0 1
10555.0 1
10580.0 1
10600.0 2
10690.0 1
10700.0 1
10750.0 1
10790.0 1
10800.0 1
10820.0 1
10830.0 1
10841.0 1
10880.0 1
10900.0 3
11000.0 7
11090.0 1
11100.0 1
11138.0 1
11170.0 1
11200.0 2
11300.0 8
11310.0 1
11340.0 1
11355.0 1
11360.0 1
11400.0 2
11410.0 1
11450.0 1
11455.0 1
11491.0 1
11500.0 4
11510.0 1
11600.0 1
11620.0 2
11643.0 1
11700.0 3
11800.0 7
11870.0 1
11875.0 1
11894.0 1
11935.0 1
11953.0 1
12000.0 21
12100.0 1
12175.0 1
12200.0 3
12280.0 1
12300.0 1
12400.0 2
12500.0 6
12570.0 1
12600.0 2
12610.0 1
12688.0 1
12700.0 4
12800.0 3
12834.0 1
12870.0 1
12880.0 1
12900.0 3
13000.0 13
13100.0 4
13200.0 3
13266.0 1
13400.0 3
13431.0 1
13500.0 3
13600.0 8
13605.0 1
13630.0 1
13700.0 2
13773.0 1
13780.0 2
13800.0 1
13901.0 1
14000.0 12
14040.0 1
14100.0 1
14180.0 1
14200.0 1
14250.0 2
14280.0 1
14290.0 1
14300.0 1
14360.0 1
14402.0 1
14500.0 3
14540.0 1
14566.0 1
14764.0 1
14800.0 1
14830.0 1
14850.0 1
14900.0 1
14931.0 1
14944.0 1
14974.0 1
15000.0 9
15150.0 1
15200.0 2
15300.0 4
15323.0 1
15400.0 4
15500.0 3
15600.0 2
15636.0 1
15650.0 1
15700.0 1
15750.0 1
15770.0 1
15900.0 5
16000.0 10
16006.0 1
16128.0 1
16200.0 1
16220.0 1
16247.0 1
16250.0 1
16300.0 5
16380.0 1
16400.0 1
16500.0 4
16541.0 1
16550.0 1
16570.0 1
16600.0 2
16700.0 3
16800.0 1
16820.0 1
16879.0 1
16900.0 2
17000.0 12
17100.0 1
17200.0 2
17226.0 1
17300.0 2
17450.0 1
17500.0 4
17590.0 1
17600.0 2
17604.0 1
17700.0 2
17727.0 1
17800.0 1
17850.0 1
17900.0 2
17973.0 1
18000.0 12
18100.0 1
18126.0 1
18200.0 2
18250.0 1
18255.0 1
18300.0 1
18350.0 1
18400.0 1
18500.0 1
18600.0 2
18800.0 3
18900.0 1
19000.0 7
19050.0 1
19065.0 1
19068.0 1
19083.0 1
19250.0 1
19256.0 1
19280.0 1
19300.0 1
19400.0 3
19418.0 1
19500.0 3
19670.0 1
19700.0 4
19800.0 1
19860.0 1
19900.0 1
20000.0 19
20020.0 1
20151.0 1
20350.0 1
20400.0 1
20500.0 3
20600.0 1
20657.0 1
20676.0 1
20689.0 1
20810.0 1
20930.0 1
21000.0 4
21064.0 1
21100.0 1
21270.0 1
21360.0 1
21400.0 1
21472.0 1
21500.0 2
21800.0 3
21820.0 1
21900.0 1
22000.0 10
22114.0 1
22270.0 1
22300.0 1
22390.0 1
22600.0 1
22700.0 6
22900.0 1
23000.0 5
23200.0 1
23250.0 1
23400.0 2
23410.0 1
23474.0 1
23500.0 1
23600.0 1
23680.0 1
23900.0 1
24000.0 4
24267.0 1
24370.0 1
24500.0 3
24700.0 1
24750.0 1
24900.0 1
25000.0 14
25014.0 1
25066.0 1
25250.0 1
25300.0 1
25322.0 1
25400.0 2
25450.0 1
25628.0 1
25850.0 1
25900.0 1
26000.0 7
26100.0 3
26200.0 1
26210.0 1
26300.0 1
26500.0 2
26600.0 2
26760.0 1
26810.0 1
26900.0 1
27000.0 10
27064.0 1
27300.0 1
27400.0 1
27420.0 1
27500.0 2
27700.0 3
27780.0 1
27861.0 1
27900.0 2
28000.0 3
28100.0 2
28400.0 1
28500.0 2
28570.0 1
28600.0 2
28770.0 1
28791.0 1
28800.0 2
29000.0 3
29300.0 1
29560.0 1
29600.0 1
30000.0 13
30250.0 1
30440.0 1
30500.0 1
30616.0 1
30750.0 1
30790.0 1
30800.0 1
31100.0 1
31500.0 2
31600.0 1
31700.0 1
31800.0 1
32000.0 4
32200.0 1
32383.0 1
32490.0 1
32700.0 2
33000.0 2
33500.0 1
33600.0 2
34000.0 4
34200.0 1
34300.0 1
34360.0 1
34500.0 1
34650.0 1
34700.0 1
35000.0 1
35100.0 1
35400.0 2
35500.0 1
35900.0 2
36000.0 5
36400.0 1
36900.0 1
37000.0 2
37125.0 1
37200.0 1
37350.0 1
37500.0 2
37600.0 1
37800.0 1
37850.0 1
38000.0 2
38400.0 1
38690.0 1
38750.0 1
38800.0 1
39000.0 6
39400.0 1
40000.0 11
40300.0 1
40500.0 1
40800.0 3
40960.0 1
41000.0 4
41300.0 1
41400.0 1
41539.0 1
41700.0 1
41730.0 1
41800.0 2
42000.0 4
42200.0 1
42600.0 1
42850.0 1
42900.0 1
43000.0 6
43500.0 1
43508.0 1
43600.0 1
43900.0 1
44000.0 6
44300.0 1
44400.0 1
44500.0 1
44790.0 1
45000.0 10
45300.0 2
45500.0 1
45760.0 1
46000.0 2
46050.0 1
46200.0 1
46300.0 1
46500.0 4
47000.0 1
47200.0 1
47600.0 1
47700.0 1
48000.0 3
48200.0 1
48250.0 1
48500.0 3
48600.0 1
49000.0 3
49750.0 1
50000.0 15
50200.0 1
50400.0 1
50600.0 2
50800.0 2
51000.0 1
51300.0 1
51500.0 1
51700.0 3
51800.0 1
52000.0 1
52600.0 1
52900.0 1
53000.0 1
53070.0 1
53500.0 1
54000.0 4
54200.0 1
54600.0 1
54640.0 1
54900.0 1
55000.0 1
55300.0 1
55400.0 2
56000.0 1
56930.0 1
57300.0 1
57700.0 1
57900.0 2
58000.0 1
58400.0 1
58630.0 1
59000.0 4
59400.0 1
60000.0 3
61000.0 2
62100.0 1
62285.0 1
63000.0 3
63500.0 1
64000.0 1
65000.0 1
65500.0 1
66000.0 1
67225.0 1
67600.0 1
68000.0 4
68500.0 1
68860.0 1
69000.0 1
69800.0 1
69900.0 1
70000.0 2
70500.0 2
71000.0 2
71300.0 1
71400.0 2
71500.0 1
72000.0 1
72500.0 1
72700.0 1
73030.0 1
73300.0 1
74318.0 1
74600.0 1
74800.0 2
74830.0 1
75000.0 2
75500.0 1
75750.0 1
76000.0 2
77000.0 2
77600.0 1
78300.0 1
78800.0 1
79900.0 1
80000.0 5
80650.0 1
81200.0 1
81600.0 1
82000.0 2
83000.0 2
85000.0 3
86000.0 2
86860.0 1
87500.0 1
88000.0 2
89000.0 1
89400.0 2
90000.0 2
91000.0 2
92000.0 1
92100.0 1
92668.0 1
92750.0 1
93000.0 1
93200.0 1
93500.0 1
94000.0 1
94200.0 1
94800.0 1
95000.0 1
97000.0 1
98000.0 1
99300.0 1
100000.0 17
101000.0 1
102000.0 1
102700.0 1
103000.0 1
104000.0 3
104800.0 1
105000.0 2
107000.0 3
108500.0 1
110000.0 2
110224.0 1
110700.0 1
110800.0 1
111000.0 1
112500.0 1
113600.0 1
113900.0 1
114000.0 1
115000.0 1
116300.0 1
118000.0 2
118300.0 1
119500.0 1
120000.0 1
123374.0 1
125500.0 1
127000.0 3
127500.0 1
127760.0 1
128800.0 1
132000.0 2
132700.0 1
134000.0 1
135000.0 1
136000.0 2
138100.0 1
138300.0 1
140000.0 3
140600.0 1
141000.0 1
142000.0 2
144000.0 1
145000.0 1
147000.0 1
148000.0 2
148800.0 1
149000.0 1
150000.0 9
152000.0 2
153300.0 1
153800.0 1
158500.0 1
159000.0 1
160000.0 3
161000.0 1
162000.0 1
166000.0 1
166800.0 1
168000.0 1
168400.0 1
173000.0 1
174000.0 1
175000.0 1
175400.0 1
180000.0 1
190000.0 1
192800.0 1
194000.0 1
198000.0 1
200000.0 11
209400.0 1
217000.0 1
217700.0 1
220000.0 2
227000.0 1
228000.0 1
230000.0 3
237200.0 1
240000.0 1
244500.0 1
247000.0 1
250000.0 3
252000.0 1
256000.0 2
257000.0 1
260000.0 2
261000.0 1
265000.0 1
270000.0 1
271000.0 1
272000.0 1
275000.0 1
279000.0 1
280000.0 1
283000.0 1
290000.0 3
295000.0 1
300000.0 4
303000.0 2
305000.0 1
309000.0 1
320000.0 2
323300.0 1
325000.0 1
326000.0 1
330000.0 2
341000.0 1
350000.0 2
360000.0 1
384000.0 1
400000.0 2
407000.0 1
408000.0 1
430000.0 2
450000.0 2
454000.0 1
472000.0 1
499500.0 1
500000.0 6
503000.0 1
505000.0 1
510000.0 1
525000.0 1
529000.0 1
549000.0 1
550000.0 1
564000.0 1
582000.0 1
600000.0 1
626000.0 1
628000.0 1
683000.0 1
689000.0 1
700000.0 3
734000.0 1
736600.0 1
755000.0 1
760000.0 1
800000.0 2
823000.0 1
825000.0 1
888600.0 1
920000.0 1
960000.0 1
975000.0 1
997000.0 1
1000000.0 1
1003000.0 1
1100000.0 2
1143000.0 1
1169500.0 1
1173000.0 1
1200000.0 1
1225300.0 1
1316000.0 1
1400000.0 1
1450000.0 1
1500000.0 1
1545000.0 1
1600000.0 2
1750000.0 1
1918000.0 1
2000000.0 3
2100000.0 1
2184000.0 1
2300000.0 1
2550000.0 1
2753000.0 1
3000000.0 3
3828000.0 1
4000000.0 1
4300000.0 1
5360000.0 1
7000000.0 1
8600000.0 1
9500000.0 1
1.01E7 1
1.55E7 1
1.6E7 1
2.2E7 1
2.3E7 1
2.4E7 1
2.43E7 1
2.6E7 1
2.8E7 1
3.0E7 1
5.0E7 1
5.82E7 1
6.0E7 1
NaN 25181
